{
 "cells": [
  {
   "cell_type": "code",
   "execution_count": 1,
   "id": "f8be024a-2ece-4df4-9ad0-b5c5b48f47ba",
   "metadata": {},
   "outputs": [
    {
     "name": "stdout",
     "output_type": "stream",
     "text": [
      "<class 'pandas.core.frame.DataFrame'>\n",
      "RangeIndex: 34 entries, 0 to 33\n",
      "Data columns (total 20 columns):\n",
      " #   Column   Non-Null Count  Dtype  \n",
      "---  ------   --------------  -----  \n",
      " 0   imports  34 non-null     object \n",
      " 1   2000     34 non-null     float64\n",
      " 2   2001     34 non-null     float64\n",
      " 3   2002     34 non-null     float64\n",
      " 4   2003     34 non-null     float64\n",
      " 5   2004     34 non-null     float64\n",
      " 6   2005     34 non-null     float64\n",
      " 7   2006     34 non-null     float64\n",
      " 8   2007     34 non-null     float64\n",
      " 9   2008     34 non-null     float64\n",
      " 10  2009     34 non-null     float64\n",
      " 11  2010     34 non-null     float64\n",
      " 12  2011     34 non-null     float64\n",
      " 13  2012     34 non-null     float64\n",
      " 14  2013     34 non-null     float64\n",
      " 15  2014     34 non-null     float64\n",
      " 16  2015     34 non-null     float64\n",
      " 17  2016     34 non-null     float64\n",
      " 18  2017     34 non-null     float64\n",
      " 19  2018     34 non-null     float64\n",
      "dtypes: float64(19), object(1)\n",
      "memory usage: 5.4+ KB\n"
     ]
    },
    {
     "data": {
      "text/html": [
       "<div>\n",
       "<style scoped>\n",
       "    .dataframe tbody tr th:only-of-type {\n",
       "        vertical-align: middle;\n",
       "    }\n",
       "\n",
       "    .dataframe tbody tr th {\n",
       "        vertical-align: top;\n",
       "    }\n",
       "\n",
       "    .dataframe thead th {\n",
       "        text-align: right;\n",
       "    }\n",
       "</style>\n",
       "<table border=\"1\" class=\"dataframe\">\n",
       "  <thead>\n",
       "    <tr style=\"text-align: right;\">\n",
       "      <th></th>\n",
       "      <th>imports</th>\n",
       "      <th>2000</th>\n",
       "      <th>2001</th>\n",
       "      <th>2002</th>\n",
       "      <th>2003</th>\n",
       "      <th>2004</th>\n",
       "      <th>2005</th>\n",
       "      <th>2006</th>\n",
       "      <th>2007</th>\n",
       "      <th>2008</th>\n",
       "      <th>2009</th>\n",
       "      <th>2010</th>\n",
       "      <th>2011</th>\n",
       "      <th>2012</th>\n",
       "      <th>2013</th>\n",
       "      <th>2014</th>\n",
       "      <th>2015</th>\n",
       "      <th>2016</th>\n",
       "      <th>2017</th>\n",
       "      <th>2018</th>\n",
       "    </tr>\n",
       "  </thead>\n",
       "  <tbody>\n",
       "    <tr>\n",
       "      <th>0</th>\n",
       "      <td>Austria</td>\n",
       "      <td>1257.0</td>\n",
       "      <td>1432.0</td>\n",
       "      <td>1447.0</td>\n",
       "      <td>1336.0</td>\n",
       "      <td>1538.0</td>\n",
       "      <td>1577.0</td>\n",
       "      <td>1601.0</td>\n",
       "      <td>1968.0</td>\n",
       "      <td>1901.0</td>\n",
       "      <td>1309.0</td>\n",
       "      <td>1369.0</td>\n",
       "      <td>1452.0</td>\n",
       "      <td>1559.0</td>\n",
       "      <td>1555.0</td>\n",
       "      <td>0.0</td>\n",
       "      <td>0.0</td>\n",
       "      <td>0.0</td>\n",
       "      <td>0.0</td>\n",
       "      <td>0.0</td>\n",
       "    </tr>\n",
       "    <tr>\n",
       "      <th>1</th>\n",
       "      <td>Belgium</td>\n",
       "      <td>3491.0</td>\n",
       "      <td>3209.0</td>\n",
       "      <td>3792.0</td>\n",
       "      <td>3818.0</td>\n",
       "      <td>3968.0</td>\n",
       "      <td>4063.0</td>\n",
       "      <td>4605.0</td>\n",
       "      <td>4014.0</td>\n",
       "      <td>6792.0</td>\n",
       "      <td>5916.0</td>\n",
       "      <td>5924.0</td>\n",
       "      <td>5828.0</td>\n",
       "      <td>5668.0</td>\n",
       "      <td>5502.0</td>\n",
       "      <td>0.0</td>\n",
       "      <td>0.0</td>\n",
       "      <td>0.0</td>\n",
       "      <td>0.0</td>\n",
       "      <td>0.0</td>\n",
       "    </tr>\n",
       "    <tr>\n",
       "      <th>2</th>\n",
       "      <td>Bulgaria</td>\n",
       "      <td>281.0</td>\n",
       "      <td>355.0</td>\n",
       "      <td>343.0</td>\n",
       "      <td>400.0</td>\n",
       "      <td>367.0</td>\n",
       "      <td>441.0</td>\n",
       "      <td>435.0</td>\n",
       "      <td>393.0</td>\n",
       "      <td>517.0</td>\n",
       "      <td>523.0</td>\n",
       "      <td>528.0</td>\n",
       "      <td>482.0</td>\n",
       "      <td>560.0</td>\n",
       "      <td>609.0</td>\n",
       "      <td>0.0</td>\n",
       "      <td>0.0</td>\n",
       "      <td>0.0</td>\n",
       "      <td>0.0</td>\n",
       "      <td>0.0</td>\n",
       "    </tr>\n",
       "    <tr>\n",
       "      <th>3</th>\n",
       "      <td>Croatia</td>\n",
       "      <td>344.0</td>\n",
       "      <td>352.0</td>\n",
       "      <td>371.0</td>\n",
       "      <td>393.0</td>\n",
       "      <td>388.0</td>\n",
       "      <td>392.0</td>\n",
       "      <td>404.0</td>\n",
       "      <td>414.0</td>\n",
       "      <td>405.0</td>\n",
       "      <td>394.0</td>\n",
       "      <td>394.0</td>\n",
       "      <td>391.0</td>\n",
       "      <td>384.0</td>\n",
       "      <td>413.0</td>\n",
       "      <td>0.0</td>\n",
       "      <td>0.0</td>\n",
       "      <td>0.0</td>\n",
       "      <td>0.0</td>\n",
       "      <td>0.0</td>\n",
       "    </tr>\n",
       "    <tr>\n",
       "      <th>4</th>\n",
       "      <td>Cyprus</td>\n",
       "      <td>69.0</td>\n",
       "      <td>59.0</td>\n",
       "      <td>57.0</td>\n",
       "      <td>59.0</td>\n",
       "      <td>59.0</td>\n",
       "      <td>80.0</td>\n",
       "      <td>74.0</td>\n",
       "      <td>71.0</td>\n",
       "      <td>78.0</td>\n",
       "      <td>72.0</td>\n",
       "      <td>77.0</td>\n",
       "      <td>82.0</td>\n",
       "      <td>84.0</td>\n",
       "      <td>94.0</td>\n",
       "      <td>0.0</td>\n",
       "      <td>0.0</td>\n",
       "      <td>0.0</td>\n",
       "      <td>0.0</td>\n",
       "      <td>0.0</td>\n",
       "    </tr>\n",
       "  </tbody>\n",
       "</table>\n",
       "</div>"
      ],
      "text/plain": [
       "       imports    2000    2001    2002    2003    2004    2005    2006  \\\n",
       "0      Austria  1257.0  1432.0  1447.0  1336.0  1538.0  1577.0  1601.0   \n",
       "1      Belgium  3491.0  3209.0  3792.0  3818.0  3968.0  4063.0  4605.0   \n",
       "2     Bulgaria   281.0   355.0   343.0   400.0   367.0   441.0   435.0   \n",
       "3      Croatia   344.0   352.0   371.0   393.0   388.0   392.0   404.0   \n",
       "4       Cyprus    69.0    59.0    57.0    59.0    59.0    80.0    74.0   \n",
       "\n",
       "     2007    2008    2009    2010    2011    2012    2013  2014  2015  2016  \\\n",
       "0  1968.0  1901.0  1309.0  1369.0  1452.0  1559.0  1555.0   0.0   0.0   0.0   \n",
       "1  4014.0  6792.0  5916.0  5924.0  5828.0  5668.0  5502.0   0.0   0.0   0.0   \n",
       "2   393.0   517.0   523.0   528.0   482.0   560.0   609.0   0.0   0.0   0.0   \n",
       "3   414.0   405.0   394.0   394.0   391.0   384.0   413.0   0.0   0.0   0.0   \n",
       "4    71.0    78.0    72.0    77.0    82.0    84.0    94.0   0.0   0.0   0.0   \n",
       "\n",
       "   2017  2018  \n",
       "0   0.0   0.0  \n",
       "1   0.0   0.0  \n",
       "2   0.0   0.0  \n",
       "3   0.0   0.0  \n",
       "4   0.0   0.0  "
      ]
     },
     "execution_count": 1,
     "metadata": {},
     "output_type": "execute_result"
    }
   ],
   "source": [
    "import pandas as pd\n",
    "import numpy as np\n",
    "import matplotlib.pyplot as plt\n",
    "from scipy.cluster.hierarchy import dendrogram, linkage\n",
    "from sklearn.cluster import AgglomerativeClustering\n",
    "\n",
    "df = pd.read_csv('importCleaned.csv')\n",
    "df.info()\n",
    "df.head()\n",
    "     "
   ]
  },
  {
   "cell_type": "code",
   "execution_count": 2,
   "id": "1b845a7a-28bb-4e1d-9b5a-ed74e086db87",
   "metadata": {},
   "outputs": [
    {
     "data": {
      "text/html": [
       "<div>\n",
       "<style scoped>\n",
       "    .dataframe tbody tr th:only-of-type {\n",
       "        vertical-align: middle;\n",
       "    }\n",
       "\n",
       "    .dataframe tbody tr th {\n",
       "        vertical-align: top;\n",
       "    }\n",
       "\n",
       "    .dataframe thead th {\n",
       "        text-align: right;\n",
       "    }\n",
       "</style>\n",
       "<table border=\"1\" class=\"dataframe\">\n",
       "  <thead>\n",
       "    <tr style=\"text-align: right;\">\n",
       "      <th></th>\n",
       "      <th>2000</th>\n",
       "      <th>2001</th>\n",
       "      <th>2002</th>\n",
       "      <th>2003</th>\n",
       "      <th>2004</th>\n",
       "      <th>2005</th>\n",
       "      <th>2006</th>\n",
       "      <th>2007</th>\n",
       "      <th>2008</th>\n",
       "      <th>2009</th>\n",
       "      <th>2010</th>\n",
       "      <th>2011</th>\n",
       "      <th>2012</th>\n",
       "      <th>2013</th>\n",
       "      <th>2014</th>\n",
       "      <th>2015</th>\n",
       "      <th>2016</th>\n",
       "      <th>2017</th>\n",
       "      <th>2018</th>\n",
       "    </tr>\n",
       "  </thead>\n",
       "  <tbody>\n",
       "    <tr>\n",
       "      <th>count</th>\n",
       "      <td>34.000000</td>\n",
       "      <td>34.000000</td>\n",
       "      <td>34.000000</td>\n",
       "      <td>34.000000</td>\n",
       "      <td>34.000000</td>\n",
       "      <td>34.000000</td>\n",
       "      <td>34.000000</td>\n",
       "      <td>34.000000</td>\n",
       "      <td>34.000000</td>\n",
       "      <td>34.000000</td>\n",
       "      <td>34.000000</td>\n",
       "      <td>34.000000</td>\n",
       "      <td>34.000000</td>\n",
       "      <td>34.000000</td>\n",
       "      <td>34.000000</td>\n",
       "      <td>34.000000</td>\n",
       "      <td>34.000000</td>\n",
       "      <td>34.000000</td>\n",
       "      <td>34.000000</td>\n",
       "    </tr>\n",
       "    <tr>\n",
       "      <th>mean</th>\n",
       "      <td>2577.676471</td>\n",
       "      <td>2616.147059</td>\n",
       "      <td>2684.294118</td>\n",
       "      <td>2747.000000</td>\n",
       "      <td>2818.970588</td>\n",
       "      <td>2834.617647</td>\n",
       "      <td>2987.352941</td>\n",
       "      <td>3078.117647</td>\n",
       "      <td>3141.029412</td>\n",
       "      <td>3073.911765</td>\n",
       "      <td>3210.205882</td>\n",
       "      <td>3288.617647</td>\n",
       "      <td>3328.617647</td>\n",
       "      <td>3409.647059</td>\n",
       "      <td>1288.676471</td>\n",
       "      <td>1308.470588</td>\n",
       "      <td>1358.176471</td>\n",
       "      <td>1378.055484</td>\n",
       "      <td>1356.119304</td>\n",
       "    </tr>\n",
       "    <tr>\n",
       "      <th>std</th>\n",
       "      <td>4694.852905</td>\n",
       "      <td>4452.344599</td>\n",
       "      <td>4562.339495</td>\n",
       "      <td>4716.287735</td>\n",
       "      <td>4898.082825</td>\n",
       "      <td>4826.150056</td>\n",
       "      <td>5105.277483</td>\n",
       "      <td>5258.548468</td>\n",
       "      <td>5329.922016</td>\n",
       "      <td>5200.654903</td>\n",
       "      <td>5418.707823</td>\n",
       "      <td>5662.374724</td>\n",
       "      <td>5730.431789</td>\n",
       "      <td>5812.805800</td>\n",
       "      <td>4899.841127</td>\n",
       "      <td>4939.391075</td>\n",
       "      <td>5133.073829</td>\n",
       "      <td>5230.205856</td>\n",
       "      <td>5131.318623</td>\n",
       "    </tr>\n",
       "    <tr>\n",
       "      <th>min</th>\n",
       "      <td>9.000000</td>\n",
       "      <td>9.000000</td>\n",
       "      <td>10.000000</td>\n",
       "      <td>11.000000</td>\n",
       "      <td>16.000000</td>\n",
       "      <td>16.000000</td>\n",
       "      <td>29.000000</td>\n",
       "      <td>16.000000</td>\n",
       "      <td>23.000000</td>\n",
       "      <td>14.000000</td>\n",
       "      <td>12.000000</td>\n",
       "      <td>17.000000</td>\n",
       "      <td>21.000000</td>\n",
       "      <td>22.000000</td>\n",
       "      <td>0.000000</td>\n",
       "      <td>0.000000</td>\n",
       "      <td>0.000000</td>\n",
       "      <td>0.000000</td>\n",
       "      <td>0.000000</td>\n",
       "    </tr>\n",
       "    <tr>\n",
       "      <th>25%</th>\n",
       "      <td>244.250000</td>\n",
       "      <td>279.500000</td>\n",
       "      <td>272.250000</td>\n",
       "      <td>292.500000</td>\n",
       "      <td>302.500000</td>\n",
       "      <td>313.750000</td>\n",
       "      <td>338.750000</td>\n",
       "      <td>368.250000</td>\n",
       "      <td>393.750000</td>\n",
       "      <td>398.250000</td>\n",
       "      <td>380.500000</td>\n",
       "      <td>400.500000</td>\n",
       "      <td>397.750000</td>\n",
       "      <td>419.500000</td>\n",
       "      <td>0.000000</td>\n",
       "      <td>0.000000</td>\n",
       "      <td>0.000000</td>\n",
       "      <td>0.000000</td>\n",
       "      <td>0.000000</td>\n",
       "    </tr>\n",
       "    <tr>\n",
       "      <th>50%</th>\n",
       "      <td>810.000000</td>\n",
       "      <td>883.500000</td>\n",
       "      <td>892.500000</td>\n",
       "      <td>986.000000</td>\n",
       "      <td>959.500000</td>\n",
       "      <td>962.000000</td>\n",
       "      <td>920.500000</td>\n",
       "      <td>1016.000000</td>\n",
       "      <td>968.500000</td>\n",
       "      <td>908.500000</td>\n",
       "      <td>1012.500000</td>\n",
       "      <td>1005.000000</td>\n",
       "      <td>1101.500000</td>\n",
       "      <td>1123.500000</td>\n",
       "      <td>0.000000</td>\n",
       "      <td>0.000000</td>\n",
       "      <td>0.000000</td>\n",
       "      <td>0.000000</td>\n",
       "      <td>0.000000</td>\n",
       "    </tr>\n",
       "    <tr>\n",
       "      <th>75%</th>\n",
       "      <td>2868.500000</td>\n",
       "      <td>2991.250000</td>\n",
       "      <td>2918.250000</td>\n",
       "      <td>3132.500000</td>\n",
       "      <td>3193.500000</td>\n",
       "      <td>3249.000000</td>\n",
       "      <td>3422.000000</td>\n",
       "      <td>3718.500000</td>\n",
       "      <td>3590.250000</td>\n",
       "      <td>3455.250000</td>\n",
       "      <td>3936.000000</td>\n",
       "      <td>3988.250000</td>\n",
       "      <td>3980.250000</td>\n",
       "      <td>4006.250000</td>\n",
       "      <td>0.000000</td>\n",
       "      <td>0.000000</td>\n",
       "      <td>0.000000</td>\n",
       "      <td>0.000000</td>\n",
       "      <td>0.000000</td>\n",
       "    </tr>\n",
       "    <tr>\n",
       "      <th>max</th>\n",
       "      <td>23767.000000</td>\n",
       "      <td>21415.000000</td>\n",
       "      <td>21639.000000</td>\n",
       "      <td>22760.000000</td>\n",
       "      <td>23184.000000</td>\n",
       "      <td>23042.000000</td>\n",
       "      <td>23709.000000</td>\n",
       "      <td>24219.000000</td>\n",
       "      <td>24277.000000</td>\n",
       "      <td>23578.000000</td>\n",
       "      <td>24378.000000</td>\n",
       "      <td>26093.000000</td>\n",
       "      <td>26056.000000</td>\n",
       "      <td>27016.000000</td>\n",
       "      <td>27565.000000</td>\n",
       "      <td>27708.000000</td>\n",
       "      <td>28838.000000</td>\n",
       "      <td>29487.886464</td>\n",
       "      <td>28918.207055</td>\n",
       "    </tr>\n",
       "  </tbody>\n",
       "</table>\n",
       "</div>"
      ],
      "text/plain": [
       "               2000          2001          2002          2003          2004  \\\n",
       "count     34.000000     34.000000     34.000000     34.000000     34.000000   \n",
       "mean    2577.676471   2616.147059   2684.294118   2747.000000   2818.970588   \n",
       "std     4694.852905   4452.344599   4562.339495   4716.287735   4898.082825   \n",
       "min        9.000000      9.000000     10.000000     11.000000     16.000000   \n",
       "25%      244.250000    279.500000    272.250000    292.500000    302.500000   \n",
       "50%      810.000000    883.500000    892.500000    986.000000    959.500000   \n",
       "75%     2868.500000   2991.250000   2918.250000   3132.500000   3193.500000   \n",
       "max    23767.000000  21415.000000  21639.000000  22760.000000  23184.000000   \n",
       "\n",
       "               2005          2006          2007          2008          2009  \\\n",
       "count     34.000000     34.000000     34.000000     34.000000     34.000000   \n",
       "mean    2834.617647   2987.352941   3078.117647   3141.029412   3073.911765   \n",
       "std     4826.150056   5105.277483   5258.548468   5329.922016   5200.654903   \n",
       "min       16.000000     29.000000     16.000000     23.000000     14.000000   \n",
       "25%      313.750000    338.750000    368.250000    393.750000    398.250000   \n",
       "50%      962.000000    920.500000   1016.000000    968.500000    908.500000   \n",
       "75%     3249.000000   3422.000000   3718.500000   3590.250000   3455.250000   \n",
       "max    23042.000000  23709.000000  24219.000000  24277.000000  23578.000000   \n",
       "\n",
       "               2010          2011          2012          2013          2014  \\\n",
       "count     34.000000     34.000000     34.000000     34.000000     34.000000   \n",
       "mean    3210.205882   3288.617647   3328.617647   3409.647059   1288.676471   \n",
       "std     5418.707823   5662.374724   5730.431789   5812.805800   4899.841127   \n",
       "min       12.000000     17.000000     21.000000     22.000000      0.000000   \n",
       "25%      380.500000    400.500000    397.750000    419.500000      0.000000   \n",
       "50%     1012.500000   1005.000000   1101.500000   1123.500000      0.000000   \n",
       "75%     3936.000000   3988.250000   3980.250000   4006.250000      0.000000   \n",
       "max    24378.000000  26093.000000  26056.000000  27016.000000  27565.000000   \n",
       "\n",
       "               2015          2016          2017          2018  \n",
       "count     34.000000     34.000000     34.000000     34.000000  \n",
       "mean    1308.470588   1358.176471   1378.055484   1356.119304  \n",
       "std     4939.391075   5133.073829   5230.205856   5131.318623  \n",
       "min        0.000000      0.000000      0.000000      0.000000  \n",
       "25%        0.000000      0.000000      0.000000      0.000000  \n",
       "50%        0.000000      0.000000      0.000000      0.000000  \n",
       "75%        0.000000      0.000000      0.000000      0.000000  \n",
       "max    27708.000000  28838.000000  29487.886464  28918.207055  "
      ]
     },
     "execution_count": 2,
     "metadata": {},
     "output_type": "execute_result"
    }
   ],
   "source": [
    "df.describe()"
   ]
  },
  {
   "cell_type": "code",
   "execution_count": 3,
   "id": "09fe2aad-67cd-41e6-83d8-ed04f7221fa4",
   "metadata": {},
   "outputs": [
    {
     "data": {
      "text/html": [
       "<div>\n",
       "<style scoped>\n",
       "    .dataframe tbody tr th:only-of-type {\n",
       "        vertical-align: middle;\n",
       "    }\n",
       "\n",
       "    .dataframe tbody tr th {\n",
       "        vertical-align: top;\n",
       "    }\n",
       "\n",
       "    .dataframe thead th {\n",
       "        text-align: right;\n",
       "    }\n",
       "</style>\n",
       "<table border=\"1\" class=\"dataframe\">\n",
       "  <thead>\n",
       "    <tr style=\"text-align: right;\">\n",
       "      <th></th>\n",
       "      <th>2000</th>\n",
       "      <th>2001</th>\n",
       "      <th>2002</th>\n",
       "      <th>2003</th>\n",
       "      <th>2004</th>\n",
       "      <th>2005</th>\n",
       "      <th>2006</th>\n",
       "      <th>2007</th>\n",
       "      <th>2008</th>\n",
       "      <th>2009</th>\n",
       "      <th>2010</th>\n",
       "      <th>2011</th>\n",
       "      <th>2012</th>\n",
       "      <th>2013</th>\n",
       "      <th>2014</th>\n",
       "      <th>2015</th>\n",
       "      <th>2016</th>\n",
       "      <th>2017</th>\n",
       "      <th>2018</th>\n",
       "    </tr>\n",
       "  </thead>\n",
       "  <tbody>\n",
       "    <tr>\n",
       "      <th>2000</th>\n",
       "      <td>1.000000</td>\n",
       "      <td>0.995606</td>\n",
       "      <td>0.993289</td>\n",
       "      <td>0.994665</td>\n",
       "      <td>0.991744</td>\n",
       "      <td>0.992519</td>\n",
       "      <td>0.988190</td>\n",
       "      <td>0.983891</td>\n",
       "      <td>0.978540</td>\n",
       "      <td>0.981500</td>\n",
       "      <td>0.978895</td>\n",
       "      <td>0.983848</td>\n",
       "      <td>0.979725</td>\n",
       "      <td>0.985938</td>\n",
       "      <td>0.800568</td>\n",
       "      <td>0.800116</td>\n",
       "      <td>0.799241</td>\n",
       "      <td>0.798774</td>\n",
       "      <td>0.798413</td>\n",
       "    </tr>\n",
       "    <tr>\n",
       "      <th>2001</th>\n",
       "      <td>0.995606</td>\n",
       "      <td>1.000000</td>\n",
       "      <td>0.999420</td>\n",
       "      <td>0.999153</td>\n",
       "      <td>0.997331</td>\n",
       "      <td>0.997530</td>\n",
       "      <td>0.995644</td>\n",
       "      <td>0.993681</td>\n",
       "      <td>0.987601</td>\n",
       "      <td>0.990946</td>\n",
       "      <td>0.989805</td>\n",
       "      <td>0.992401</td>\n",
       "      <td>0.989696</td>\n",
       "      <td>0.993840</td>\n",
       "      <td>0.760798</td>\n",
       "      <td>0.760495</td>\n",
       "      <td>0.759915</td>\n",
       "      <td>0.759266</td>\n",
       "      <td>0.758824</td>\n",
       "    </tr>\n",
       "    <tr>\n",
       "      <th>2002</th>\n",
       "      <td>0.993289</td>\n",
       "      <td>0.999420</td>\n",
       "      <td>1.000000</td>\n",
       "      <td>0.999222</td>\n",
       "      <td>0.997852</td>\n",
       "      <td>0.997779</td>\n",
       "      <td>0.996763</td>\n",
       "      <td>0.994880</td>\n",
       "      <td>0.990562</td>\n",
       "      <td>0.993095</td>\n",
       "      <td>0.992290</td>\n",
       "      <td>0.994291</td>\n",
       "      <td>0.991653</td>\n",
       "      <td>0.995256</td>\n",
       "      <td>0.752730</td>\n",
       "      <td>0.752474</td>\n",
       "      <td>0.751982</td>\n",
       "      <td>0.751262</td>\n",
       "      <td>0.750774</td>\n",
       "    </tr>\n",
       "    <tr>\n",
       "      <th>2003</th>\n",
       "      <td>0.994665</td>\n",
       "      <td>0.999153</td>\n",
       "      <td>0.999222</td>\n",
       "      <td>1.000000</td>\n",
       "      <td>0.998186</td>\n",
       "      <td>0.998372</td>\n",
       "      <td>0.996684</td>\n",
       "      <td>0.995484</td>\n",
       "      <td>0.990416</td>\n",
       "      <td>0.992567</td>\n",
       "      <td>0.991718</td>\n",
       "      <td>0.994312</td>\n",
       "      <td>0.991926</td>\n",
       "      <td>0.995724</td>\n",
       "      <td>0.763178</td>\n",
       "      <td>0.762602</td>\n",
       "      <td>0.762471</td>\n",
       "      <td>0.762223</td>\n",
       "      <td>0.761712</td>\n",
       "    </tr>\n",
       "    <tr>\n",
       "      <th>2004</th>\n",
       "      <td>0.991744</td>\n",
       "      <td>0.997331</td>\n",
       "      <td>0.997852</td>\n",
       "      <td>0.998186</td>\n",
       "      <td>1.000000</td>\n",
       "      <td>0.999510</td>\n",
       "      <td>0.999308</td>\n",
       "      <td>0.997872</td>\n",
       "      <td>0.993763</td>\n",
       "      <td>0.995502</td>\n",
       "      <td>0.995105</td>\n",
       "      <td>0.996760</td>\n",
       "      <td>0.995429</td>\n",
       "      <td>0.998021</td>\n",
       "      <td>0.745248</td>\n",
       "      <td>0.744810</td>\n",
       "      <td>0.744340</td>\n",
       "      <td>0.743879</td>\n",
       "      <td>0.743410</td>\n",
       "    </tr>\n",
       "    <tr>\n",
       "      <th>2005</th>\n",
       "      <td>0.992519</td>\n",
       "      <td>0.997530</td>\n",
       "      <td>0.997779</td>\n",
       "      <td>0.998372</td>\n",
       "      <td>0.999510</td>\n",
       "      <td>1.000000</td>\n",
       "      <td>0.998975</td>\n",
       "      <td>0.997192</td>\n",
       "      <td>0.993704</td>\n",
       "      <td>0.995364</td>\n",
       "      <td>0.994809</td>\n",
       "      <td>0.996592</td>\n",
       "      <td>0.994864</td>\n",
       "      <td>0.998266</td>\n",
       "      <td>0.754132</td>\n",
       "      <td>0.753797</td>\n",
       "      <td>0.753281</td>\n",
       "      <td>0.752732</td>\n",
       "      <td>0.752366</td>\n",
       "    </tr>\n",
       "    <tr>\n",
       "      <th>2006</th>\n",
       "      <td>0.988190</td>\n",
       "      <td>0.995644</td>\n",
       "      <td>0.996763</td>\n",
       "      <td>0.996684</td>\n",
       "      <td>0.999308</td>\n",
       "      <td>0.998975</td>\n",
       "      <td>1.000000</td>\n",
       "      <td>0.998519</td>\n",
       "      <td>0.996039</td>\n",
       "      <td>0.997520</td>\n",
       "      <td>0.997298</td>\n",
       "      <td>0.997938</td>\n",
       "      <td>0.996895</td>\n",
       "      <td>0.998827</td>\n",
       "      <td>0.729435</td>\n",
       "      <td>0.729061</td>\n",
       "      <td>0.728582</td>\n",
       "      <td>0.728059</td>\n",
       "      <td>0.727639</td>\n",
       "    </tr>\n",
       "    <tr>\n",
       "      <th>2007</th>\n",
       "      <td>0.983891</td>\n",
       "      <td>0.993681</td>\n",
       "      <td>0.994880</td>\n",
       "      <td>0.995484</td>\n",
       "      <td>0.997872</td>\n",
       "      <td>0.997192</td>\n",
       "      <td>0.998519</td>\n",
       "      <td>1.000000</td>\n",
       "      <td>0.994958</td>\n",
       "      <td>0.995996</td>\n",
       "      <td>0.996537</td>\n",
       "      <td>0.997153</td>\n",
       "      <td>0.997166</td>\n",
       "      <td>0.998138</td>\n",
       "      <td>0.720937</td>\n",
       "      <td>0.720233</td>\n",
       "      <td>0.720322</td>\n",
       "      <td>0.720354</td>\n",
       "      <td>0.719912</td>\n",
       "    </tr>\n",
       "    <tr>\n",
       "      <th>2008</th>\n",
       "      <td>0.978540</td>\n",
       "      <td>0.987601</td>\n",
       "      <td>0.990562</td>\n",
       "      <td>0.990416</td>\n",
       "      <td>0.993763</td>\n",
       "      <td>0.993704</td>\n",
       "      <td>0.996039</td>\n",
       "      <td>0.994958</td>\n",
       "      <td>1.000000</td>\n",
       "      <td>0.998798</td>\n",
       "      <td>0.998652</td>\n",
       "      <td>0.998228</td>\n",
       "      <td>0.997849</td>\n",
       "      <td>0.996999</td>\n",
       "      <td>0.708709</td>\n",
       "      <td>0.708010</td>\n",
       "      <td>0.708010</td>\n",
       "      <td>0.708049</td>\n",
       "      <td>0.707667</td>\n",
       "    </tr>\n",
       "    <tr>\n",
       "      <th>2009</th>\n",
       "      <td>0.981500</td>\n",
       "      <td>0.990946</td>\n",
       "      <td>0.993095</td>\n",
       "      <td>0.992567</td>\n",
       "      <td>0.995502</td>\n",
       "      <td>0.995364</td>\n",
       "      <td>0.997520</td>\n",
       "      <td>0.995996</td>\n",
       "      <td>0.998798</td>\n",
       "      <td>1.000000</td>\n",
       "      <td>0.999685</td>\n",
       "      <td>0.999308</td>\n",
       "      <td>0.998942</td>\n",
       "      <td>0.998209</td>\n",
       "      <td>0.704732</td>\n",
       "      <td>0.704175</td>\n",
       "      <td>0.703927</td>\n",
       "      <td>0.703780</td>\n",
       "      <td>0.703487</td>\n",
       "    </tr>\n",
       "    <tr>\n",
       "      <th>2010</th>\n",
       "      <td>0.978895</td>\n",
       "      <td>0.989805</td>\n",
       "      <td>0.992290</td>\n",
       "      <td>0.991718</td>\n",
       "      <td>0.995105</td>\n",
       "      <td>0.994809</td>\n",
       "      <td>0.997298</td>\n",
       "      <td>0.996537</td>\n",
       "      <td>0.998652</td>\n",
       "      <td>0.999685</td>\n",
       "      <td>1.000000</td>\n",
       "      <td>0.999401</td>\n",
       "      <td>0.999333</td>\n",
       "      <td>0.998355</td>\n",
       "      <td>0.701450</td>\n",
       "      <td>0.700889</td>\n",
       "      <td>0.700786</td>\n",
       "      <td>0.700679</td>\n",
       "      <td>0.700383</td>\n",
       "    </tr>\n",
       "    <tr>\n",
       "      <th>2011</th>\n",
       "      <td>0.983848</td>\n",
       "      <td>0.992401</td>\n",
       "      <td>0.994291</td>\n",
       "      <td>0.994312</td>\n",
       "      <td>0.996760</td>\n",
       "      <td>0.996592</td>\n",
       "      <td>0.997938</td>\n",
       "      <td>0.997153</td>\n",
       "      <td>0.998228</td>\n",
       "      <td>0.999308</td>\n",
       "      <td>0.999401</td>\n",
       "      <td>1.000000</td>\n",
       "      <td>0.999439</td>\n",
       "      <td>0.999256</td>\n",
       "      <td>0.721229</td>\n",
       "      <td>0.720581</td>\n",
       "      <td>0.720526</td>\n",
       "      <td>0.720573</td>\n",
       "      <td>0.720299</td>\n",
       "    </tr>\n",
       "    <tr>\n",
       "      <th>2012</th>\n",
       "      <td>0.979725</td>\n",
       "      <td>0.989696</td>\n",
       "      <td>0.991653</td>\n",
       "      <td>0.991926</td>\n",
       "      <td>0.995429</td>\n",
       "      <td>0.994864</td>\n",
       "      <td>0.996895</td>\n",
       "      <td>0.997166</td>\n",
       "      <td>0.997849</td>\n",
       "      <td>0.998942</td>\n",
       "      <td>0.999333</td>\n",
       "      <td>0.999439</td>\n",
       "      <td>1.000000</td>\n",
       "      <td>0.998421</td>\n",
       "      <td>0.705062</td>\n",
       "      <td>0.704218</td>\n",
       "      <td>0.704341</td>\n",
       "      <td>0.704664</td>\n",
       "      <td>0.704370</td>\n",
       "    </tr>\n",
       "    <tr>\n",
       "      <th>2013</th>\n",
       "      <td>0.985938</td>\n",
       "      <td>0.993840</td>\n",
       "      <td>0.995256</td>\n",
       "      <td>0.995724</td>\n",
       "      <td>0.998021</td>\n",
       "      <td>0.998266</td>\n",
       "      <td>0.998827</td>\n",
       "      <td>0.998138</td>\n",
       "      <td>0.996999</td>\n",
       "      <td>0.998209</td>\n",
       "      <td>0.998355</td>\n",
       "      <td>0.999256</td>\n",
       "      <td>0.998421</td>\n",
       "      <td>1.000000</td>\n",
       "      <td>0.732249</td>\n",
       "      <td>0.731803</td>\n",
       "      <td>0.731556</td>\n",
       "      <td>0.731311</td>\n",
       "      <td>0.731073</td>\n",
       "    </tr>\n",
       "    <tr>\n",
       "      <th>2014</th>\n",
       "      <td>0.800568</td>\n",
       "      <td>0.760798</td>\n",
       "      <td>0.752730</td>\n",
       "      <td>0.763178</td>\n",
       "      <td>0.745248</td>\n",
       "      <td>0.754132</td>\n",
       "      <td>0.729435</td>\n",
       "      <td>0.720937</td>\n",
       "      <td>0.708709</td>\n",
       "      <td>0.704732</td>\n",
       "      <td>0.701450</td>\n",
       "      <td>0.721229</td>\n",
       "      <td>0.705062</td>\n",
       "      <td>0.732249</td>\n",
       "      <td>1.000000</td>\n",
       "      <td>0.999915</td>\n",
       "      <td>0.999960</td>\n",
       "      <td>0.999750</td>\n",
       "      <td>0.999749</td>\n",
       "    </tr>\n",
       "    <tr>\n",
       "      <th>2015</th>\n",
       "      <td>0.800116</td>\n",
       "      <td>0.760495</td>\n",
       "      <td>0.752474</td>\n",
       "      <td>0.762602</td>\n",
       "      <td>0.744810</td>\n",
       "      <td>0.753797</td>\n",
       "      <td>0.729061</td>\n",
       "      <td>0.720233</td>\n",
       "      <td>0.708010</td>\n",
       "      <td>0.704175</td>\n",
       "      <td>0.700889</td>\n",
       "      <td>0.720581</td>\n",
       "      <td>0.704218</td>\n",
       "      <td>0.731803</td>\n",
       "      <td>0.999915</td>\n",
       "      <td>1.000000</td>\n",
       "      <td>0.999860</td>\n",
       "      <td>0.999418</td>\n",
       "      <td>0.999461</td>\n",
       "    </tr>\n",
       "    <tr>\n",
       "      <th>2016</th>\n",
       "      <td>0.799241</td>\n",
       "      <td>0.759915</td>\n",
       "      <td>0.751982</td>\n",
       "      <td>0.762471</td>\n",
       "      <td>0.744340</td>\n",
       "      <td>0.753281</td>\n",
       "      <td>0.728582</td>\n",
       "      <td>0.720322</td>\n",
       "      <td>0.708010</td>\n",
       "      <td>0.703927</td>\n",
       "      <td>0.700786</td>\n",
       "      <td>0.720526</td>\n",
       "      <td>0.704341</td>\n",
       "      <td>0.731556</td>\n",
       "      <td>0.999960</td>\n",
       "      <td>0.999860</td>\n",
       "      <td>1.000000</td>\n",
       "      <td>0.999825</td>\n",
       "      <td>0.999813</td>\n",
       "    </tr>\n",
       "    <tr>\n",
       "      <th>2017</th>\n",
       "      <td>0.798774</td>\n",
       "      <td>0.759266</td>\n",
       "      <td>0.751262</td>\n",
       "      <td>0.762223</td>\n",
       "      <td>0.743879</td>\n",
       "      <td>0.752732</td>\n",
       "      <td>0.728059</td>\n",
       "      <td>0.720354</td>\n",
       "      <td>0.708049</td>\n",
       "      <td>0.703780</td>\n",
       "      <td>0.700679</td>\n",
       "      <td>0.720573</td>\n",
       "      <td>0.704664</td>\n",
       "      <td>0.731311</td>\n",
       "      <td>0.999750</td>\n",
       "      <td>0.999418</td>\n",
       "      <td>0.999825</td>\n",
       "      <td>1.000000</td>\n",
       "      <td>0.999963</td>\n",
       "    </tr>\n",
       "    <tr>\n",
       "      <th>2018</th>\n",
       "      <td>0.798413</td>\n",
       "      <td>0.758824</td>\n",
       "      <td>0.750774</td>\n",
       "      <td>0.761712</td>\n",
       "      <td>0.743410</td>\n",
       "      <td>0.752366</td>\n",
       "      <td>0.727639</td>\n",
       "      <td>0.719912</td>\n",
       "      <td>0.707667</td>\n",
       "      <td>0.703487</td>\n",
       "      <td>0.700383</td>\n",
       "      <td>0.720299</td>\n",
       "      <td>0.704370</td>\n",
       "      <td>0.731073</td>\n",
       "      <td>0.999749</td>\n",
       "      <td>0.999461</td>\n",
       "      <td>0.999813</td>\n",
       "      <td>0.999963</td>\n",
       "      <td>1.000000</td>\n",
       "    </tr>\n",
       "  </tbody>\n",
       "</table>\n",
       "</div>"
      ],
      "text/plain": [
       "          2000      2001      2002      2003      2004      2005      2006  \\\n",
       "2000  1.000000  0.995606  0.993289  0.994665  0.991744  0.992519  0.988190   \n",
       "2001  0.995606  1.000000  0.999420  0.999153  0.997331  0.997530  0.995644   \n",
       "2002  0.993289  0.999420  1.000000  0.999222  0.997852  0.997779  0.996763   \n",
       "2003  0.994665  0.999153  0.999222  1.000000  0.998186  0.998372  0.996684   \n",
       "2004  0.991744  0.997331  0.997852  0.998186  1.000000  0.999510  0.999308   \n",
       "2005  0.992519  0.997530  0.997779  0.998372  0.999510  1.000000  0.998975   \n",
       "2006  0.988190  0.995644  0.996763  0.996684  0.999308  0.998975  1.000000   \n",
       "2007  0.983891  0.993681  0.994880  0.995484  0.997872  0.997192  0.998519   \n",
       "2008  0.978540  0.987601  0.990562  0.990416  0.993763  0.993704  0.996039   \n",
       "2009  0.981500  0.990946  0.993095  0.992567  0.995502  0.995364  0.997520   \n",
       "2010  0.978895  0.989805  0.992290  0.991718  0.995105  0.994809  0.997298   \n",
       "2011  0.983848  0.992401  0.994291  0.994312  0.996760  0.996592  0.997938   \n",
       "2012  0.979725  0.989696  0.991653  0.991926  0.995429  0.994864  0.996895   \n",
       "2013  0.985938  0.993840  0.995256  0.995724  0.998021  0.998266  0.998827   \n",
       "2014  0.800568  0.760798  0.752730  0.763178  0.745248  0.754132  0.729435   \n",
       "2015  0.800116  0.760495  0.752474  0.762602  0.744810  0.753797  0.729061   \n",
       "2016  0.799241  0.759915  0.751982  0.762471  0.744340  0.753281  0.728582   \n",
       "2017  0.798774  0.759266  0.751262  0.762223  0.743879  0.752732  0.728059   \n",
       "2018  0.798413  0.758824  0.750774  0.761712  0.743410  0.752366  0.727639   \n",
       "\n",
       "          2007      2008      2009      2010      2011      2012      2013  \\\n",
       "2000  0.983891  0.978540  0.981500  0.978895  0.983848  0.979725  0.985938   \n",
       "2001  0.993681  0.987601  0.990946  0.989805  0.992401  0.989696  0.993840   \n",
       "2002  0.994880  0.990562  0.993095  0.992290  0.994291  0.991653  0.995256   \n",
       "2003  0.995484  0.990416  0.992567  0.991718  0.994312  0.991926  0.995724   \n",
       "2004  0.997872  0.993763  0.995502  0.995105  0.996760  0.995429  0.998021   \n",
       "2005  0.997192  0.993704  0.995364  0.994809  0.996592  0.994864  0.998266   \n",
       "2006  0.998519  0.996039  0.997520  0.997298  0.997938  0.996895  0.998827   \n",
       "2007  1.000000  0.994958  0.995996  0.996537  0.997153  0.997166  0.998138   \n",
       "2008  0.994958  1.000000  0.998798  0.998652  0.998228  0.997849  0.996999   \n",
       "2009  0.995996  0.998798  1.000000  0.999685  0.999308  0.998942  0.998209   \n",
       "2010  0.996537  0.998652  0.999685  1.000000  0.999401  0.999333  0.998355   \n",
       "2011  0.997153  0.998228  0.999308  0.999401  1.000000  0.999439  0.999256   \n",
       "2012  0.997166  0.997849  0.998942  0.999333  0.999439  1.000000  0.998421   \n",
       "2013  0.998138  0.996999  0.998209  0.998355  0.999256  0.998421  1.000000   \n",
       "2014  0.720937  0.708709  0.704732  0.701450  0.721229  0.705062  0.732249   \n",
       "2015  0.720233  0.708010  0.704175  0.700889  0.720581  0.704218  0.731803   \n",
       "2016  0.720322  0.708010  0.703927  0.700786  0.720526  0.704341  0.731556   \n",
       "2017  0.720354  0.708049  0.703780  0.700679  0.720573  0.704664  0.731311   \n",
       "2018  0.719912  0.707667  0.703487  0.700383  0.720299  0.704370  0.731073   \n",
       "\n",
       "          2014      2015      2016      2017      2018  \n",
       "2000  0.800568  0.800116  0.799241  0.798774  0.798413  \n",
       "2001  0.760798  0.760495  0.759915  0.759266  0.758824  \n",
       "2002  0.752730  0.752474  0.751982  0.751262  0.750774  \n",
       "2003  0.763178  0.762602  0.762471  0.762223  0.761712  \n",
       "2004  0.745248  0.744810  0.744340  0.743879  0.743410  \n",
       "2005  0.754132  0.753797  0.753281  0.752732  0.752366  \n",
       "2006  0.729435  0.729061  0.728582  0.728059  0.727639  \n",
       "2007  0.720937  0.720233  0.720322  0.720354  0.719912  \n",
       "2008  0.708709  0.708010  0.708010  0.708049  0.707667  \n",
       "2009  0.704732  0.704175  0.703927  0.703780  0.703487  \n",
       "2010  0.701450  0.700889  0.700786  0.700679  0.700383  \n",
       "2011  0.721229  0.720581  0.720526  0.720573  0.720299  \n",
